INDEX Loconvu

LXVII

rus p. 40, 5 p.XXXlI Florus p.106, 9 p. XXXV

40, 15
45, 14
45, 15
44, 15
45, 5
45, 5
47, 5
47, 15
40, 0
54, 5
54, 15
55, 14
57, 50
55, 10
50, 15
51, 15
55, 4
63, 4
55, 44
63, 4
63, 5
70, 6
44, 43
43, 4
46, 43
46, 43
44, 4
43, 46
34, 50
55, 43
34, 44
55, 10
55, 17
54, 5
55, 3
34, 4
34, 4
34, 44
36, 4
34, 3
433, 43
101, 5
105, 11
104, 4
105, 5

XXXIII sq.
{Ima
XXXV

107, 7 XXXV
107,12 XXXV
105, 50 44
109,14 XXXV
110,5 xxxv
444,6 44444114
444, 43 xlv
150, 5 XXXIII
151, 8 XVI
154, 2 XVI
154, 12 XXXVII
155, 14 XXXIV
155, 46 44444
157,17 XLII
157, 43 44414
128, 3 XVI
129, 8 XXXVI
130, 1 XXXIII
155,15 44
133, 3 XIV
135,15 XXXIV
155,10 444414
157,15 44
140, 1 LIX
145, 15 XVI
145,14 XXXVIsq.
144, 21 XXXIV
146, 21 XVI
145,4 xxxvn
148, 8 XXXIV
149, 20 XXXIII
150, 10 444414
152, 2 XIV,
XXXIII
155,5 444444
155,5 444444
153, 6 XXXVIII4
1545 474
155,5 4144

155, 15 xlv
155, 50 4444444
444,3 44444
157, ιο 444441
155,5 4444444
443, 44 444414

e·

 

